1.582615934846099207e-02	1.133994387348002258e-01
1.353124311858592721e+00	5.897890995171995998e-01
7.581321782397898446e-01	-6.286914455558619830e-01
2.292867188766234132e-01	-1.538648844383219000e-02
1.084728952610081398e+00	1.249934868256492998e-01
1.122115310961898427e+00	4.779690649396349245e-01
1.804028138283644722e+00	4.732635067921752148e-01
1.958215692771947625e+00	8.381642933516809668e-01
1.309459506366990045e+00	3.345071090448717421e-01
1.791738087375680522e+00	5.279334534113493405e-01
1.002673676937267944e+00	-5.399086298842455944e-01
5.916412663468488820e-01	-1.791572091017309409e-01
5.490703747579029903e-01	-7.254257692879231278e-01
-1.027757785073224323e-01	1.117688572639706335e+00
7.747353091914741530e-01	3.394293987601492701e-01
6.760312436930360214e-01	-1.369338609843952226e-01
7.890813015816146025e-01	6.846190309431350318e-01
6.028769127838431441e-01	1.672701836182584334e-01
1.077220300407765174e+00	1.454794113096310904e+00
1.328583091990895637e+00	-9.450858461933100418e-01
1.076893239607310093e+00	4.099850695295679387e-02
1.799126505030626433e+00	2.445056015249852388e-01
1.243005817824307302e+00	-5.920507534514785064e-01
1.340823393820825826e+00	-7.315236412100319940e-01
6.293058815078305113e-01	1.827734077170759808e-01
6.541162697547827642e-01	1.292963024747030565e-01
8.384840183473041275e-02	4.705449974426799131e-01
6.450108526086644201e-01	1.782308517217480182e+00
1.108715008999203944e+00	5.366028138528083913e-01
4.656148141827112230e-01	4.798077554255497090e-01
1.566191690930185176e+00	7.284144271550988536e-01
6.600664056901963672e-01	-8.188966013358437435e-01
1.026609334665309126e+00	1.101861479347275852e-01
6.294877888085713691e-01	-4.807298774426003174e-01
5.820914439332596224e-01	-3.058457849937700757e-01
8.622535349730451326e-01	3.064543036284682054e-01
1.734846568965032976e+00	4.919013900883159041e-01
1.128771830279205579e+00	8.431833053327959515e-01
-3.745376056096050288e-02	1.141412922943927155e+00
1.202355073872590774e+00	9.046403465424526225e-01
1.347228665715443308e+00	1.434284837723169836e+00
9.618573992557714059e-01	1.286680378642826694e+00
1.716184569514966007e+00	-7.275810395705800682e-02
7.000925493309626546e-01	1.604754191738527735e+00
6.498122287288794485e-01	1.392566093157153073e+00
7.737402736851852758e-01	1.076691629192135569e+00
6.800436132772198494e-01	1.295172290179873897e+00
1.346318222307413048e+00	-6.224233442988456044e-01
1.692897243780396854e+00	-1.723331964992946830e-02
1.008134555635127105e+00	-1.368266978649220755e-01
1.188959211590171261e+00	7.409700888284493914e-01
1.050207318205706342e+00	6.811620374278828383e-01
-2.723196887822065260e-01	-2.580216082011911327e-01
1.466672285693185307e+00	1.365057410304457264e+00
1.725432867572233908e+00	3.845522087355446872e-01
-7.019392263705724611e-02	1.172559651656727819e+00
8.200330001510034439e-01	1.117650169562320217e+00
9.632824861469612143e-01	8.522064515827868503e-01
9.220127227983796470e-01	9.078800621074284427e-02
8.915390180510418539e-01	7.006715227853963501e-01
5.816237228216404320e-01	1.040079919240947115e+00
1.039701424213789638e+00	5.287284396421032540e-01
1.375967859851371600e+00	9.343886793467528484e-01
1.026129894861843361e+00	1.825387354272578477e-02
1.741963939383515569e+00	3.579897668646601083e-01
2.653247959142670531e-01	1.340672243957127252e+00
5.626038931867437531e-01	-8.164354113526516299e-01
6.781284320899354512e-01	6.475786984304664484e-01
2.304844482846334364e-01	3.323042101899712497e-01
2.712932599673468226e-01	1.665750555471898098e+00
1.275222578058569756e+00	6.794743484804085520e-01
7.335388018063327964e-01	1.141424345020665365e+00
2.342652947016168608e-01	6.706773956304376005e-01
-4.186821189325318215e-02	1.143112993152998635e+00
5.841628866075859738e-01	1.202442226083505705e+00
6.978152379329841670e-01	1.797313990545202911e-01
6.631531325009024647e-01	6.144821260012658382e-01
1.279241757504685939e+00	4.017280198761100096e-01
1.257129496272946234e+00	1.162746518007574670e+00
8.570006956730825687e-01	7.922879831180139609e-01
4.007664398516472271e-01	1.346583961228759119e+00
-1.820162357978337420e-01	4.397019102445923755e-01
4.882748472615155988e-01	1.065767025137996704e+00
2.870466599912854244e-01	1.382318549995863233e+00
3.284796116804857835e-01	1.659226062823004888e-01
3.488160485239334418e-01	1.323086692729187552e+00
4.406214508598844115e-01	9.329979638300741618e-01
6.689600240132169695e-01	1.737607826142002043e+00
5.796007689730943158e-01	1.573467238493772291e-01
6.082766724761401456e-01	1.719684864928205492e+00
9.361184469356892413e-01	6.454533172113028350e-01
1.760941723486361576e+00	2.249035325475209124e+00
6.756691122312141751e-01	5.789078803874475598e-01
3.361369939982203903e-01	1.608188896985785377e+00
2.355961920398713938e-01	7.303739667036359684e-01
1.099841718166306714e+00	1.014997800717571952e+00
5.865947703928329204e-01	1.120206654430909499e+00
-1.939304463368652642e-01	1.393258830635039303e+00
1.440472485093207133e-01	1.252307373024813097e+00
3.437986523920126269e-01	3.501166716470232587e-01
4.701353584517445894e-01	1.429776484693847216e+00
-4.603226045721381943e-01	1.734638112343128924e+00
4.897389911592985867e-01	2.064479685842063872e-01
7.197260546082387966e-01	1.322015677264708033e+00
9.206743997991859718e-01	6.988835614370764171e-01
3.684287852217244669e-02	5.969392388644796377e-01
2.861884680442405848e-01	1.007661042222611103e+00
-1.527827046811505440e-01	1.172686478711586489e+00
-7.492285835485017198e-02	4.558320034187832159e-01
6.438901861809946947e-01	1.747226136085492376e+00
-4.442867744474495728e-01	9.963535088731102496e-01
9.221237563302265849e-01	1.082593580122571675e+00
-6.118566713017721537e-02	1.768254071062321575e+00
1.627064149887321509e+00	1.160093597295447587e+00
-5.039694687808847773e-01	1.499026928691435057e+00
5.809753811060069939e-02	1.076861850075114369e+00
7.381506778301580862e-01	2.971800567473901200e-01
2.295316806563329481e-01	1.179161842350985978e+00
4.593972268734358155e-01	1.182064099300391025e+00
5.313715809534835799e-01	4.803412203641029832e-01
2.750602305219406740e-01	1.716284099851346889e+00
6.689340122956140000e-01	7.863568072960749333e-01
-4.205696952265558508e-02	1.818041079578091912e+00
-4.172286834080130569e-01	7.346722870432844665e-01
3.975607516682228004e-01	1.630006667793387098e+00
-6.827449333134989473e-01	1.651935379285413896e+00
7.299067389798322703e-01	8.884486008461878193e-01
5.451476235034877771e-01	1.287377802459913845e+00
3.278646046132274172e-01	1.207946730433409499e+00
1.003059452009434693e+00	1.061487403490179560e+00
4.243263431381775752e-01	6.512297698652660394e-01
2.548068450868202772e-01	1.695993832358325237e+00
4.112040834641088605e-01	1.085383963672472252e+00
-2.412579208829204458e-01	8.599522682755120773e-01
1.505614942759875285e-01	4.324308575392303289e-01
-4.743749274634670998e-01	1.106344366788328371e+00
9.587346684991961132e-02	9.727798847966949713e-01
7.556165848116640493e-01	6.113285997448839604e-01
-4.675800868450367132e-01	6.591332013541457702e-01
-8.125722913135602354e-01	1.030532795765229048e+00
3.546775145599076473e-01	1.252294092015509896e+00
9.073283236043420130e-01	1.224713137794533502e+00
2.162583909229482959e-01	1.667497451190035340e+00
6.507067585054687742e-01	1.174376863293443929e+00
-2.025876232571167945e-01	4.264205994912884656e-01
1.832746667138664964e-01	8.577532200418819253e-01
-1.078051950857694896e+00	1.259286223096979240e+00
8.036640011714506482e-01	2.332385064190520829e+00
8.695618559587301455e-01	1.318644465126179499e+00
6.719305107871323957e-01	1.582363202496620547e+00
-4.032345737045696654e-01	1.072656516214036237e+00
7.622638706961144539e-01	4.552655043418588066e-01
4.200390965867211723e-01	5.921744145556969707e-01
8.480930125022974331e-02	1.634275140501578072e+00
7.026434341408244189e-01	1.642612243496289093e+00
2.914344186575728024e-01	9.756779814877918344e-01
-1.200983898235308961e-01	6.386030379760627707e-01
1.306343724579676069e+00	8.830967524789588019e-01
-4.745479215203187162e-01	6.767345892210715474e-01
5.484432830699962347e-01	7.676575882429723663e-01
1.121149259570779710e+00	1.159803940652290644e+00
8.665829488278810055e-01	2.724745761724645110e-01
-6.948292880772560798e-02	5.355927231575530190e-01
-4.197324677316003477e-02	1.185111831868562282e+00
2.254101897387598419e-01	2.025947680002828655e+00
-2.842087317837204141e-01	4.502205946728060071e-01
-7.175761726867638801e-01	1.123176571965809112e+00
-7.706749256947530435e-01	5.995734022996862533e-01
-9.055613825228111535e-01	1.308824286570307915e+00
4.928684200506596724e-01	1.414937459830634348e+00
-3.781017108967718587e-02	9.618851062629464321e-01
8.752854107804927120e-01	6.323460898734013513e-01
-3.717318967903471827e-01	1.182427225287560058e+00
3.073890386839061087e-02	9.049083831052762150e-01
1.741950404859623214e-01	7.499064655253755429e-01
-1.119598852890848040e+00	8.313155500673393705e-01
1.962044723864259654e-01	1.997103666807447109e-01
1.536836941169181514e-01	-1.237285533485129735e-01
-5.471469596049109985e-01	7.766371373801709277e-01
-4.681668181766062142e-01	7.315183061051470093e-01
-8.025303898744582387e-01	1.363970818030454613e+00
-5.571905563259843541e-01	1.044620222170604906e+00
-7.325846215321371036e-01	-1.612611795554081962e-01
-8.124598252720577340e-01	8.996215027981356860e-01
-1.316122616440426274e+00	1.916802277379491937e+00
-9.569152190374170530e-01	6.483493642718057837e-01
-8.719045279554068495e-01	4.541160938577201156e-01
1.589457377180218123e-01	8.167910787979268949e-01
-1.184542183950807015e+00	1.763796606261718969e+00
-1.141631942685331413e+00	7.915232489584356212e-01
-5.018393072332840710e-01	1.978771205061549132e+00
-6.758098614829904927e-01	1.552722547975674328e+00
-3.647742798337904602e-01	1.327154669110631957e+00
-8.124391722719531694e-02	9.033574867852224299e-01
-7.972989588286666374e-01	1.484955605463032846e+00
-9.171867695361699546e-01	1.133384344984741610e+00
-2.497774541464637121e-01	1.034074181694359496e+00
-5.807178848422378525e-01	2.314271688852016062e+00
-3.335659344509678270e-01	1.023377927499145912e+00
